# Khadi — globe land grid. GENERATED by spike/globe-land.py.
# Source: eDEX-UI src/assets/misc/grid.json (GPL-3.0), the tile set
# encom-globe draws its continents from. One 'lat lon' per line,
# degrees, geographic frame solved for in the generator.
-89.0 -5.0
-89.0 175.0
-88.3 -95.0
-88.3 85.0
-87.4 -146.0
-87.4 -44.0
-87.4 34.0
-87.4 136.0
-87.0 -5.0
-87.0 175.0
-86.5 -112.2
-86.5 -77.8
-86.5 67.8
-86.5 102.2
-85.6 -162.9
-85.6 -27.1
-85.6 17.1
-85.6 152.9
-85.4 -137.8
-85.4 -52.2
-85.4 42.2
-85.4 127.8
-84.9 -95.0
-84.9 -5.0
-84.9 85.0
-84.9 175.0
-84.5 -117.4
-84.5 -72.6
-84.5 62.6
-84.5 107.4
-83.9 -152.1
-83.9 -37.9
-83.9 27.9
-83.9 142.1
-83.7 -169.9
-83.7 -20.1
-83.7 10.1
-83.7 159.9
-83.4 -134.5
-83.4 -55.5
-83.4 45.5
-83.4 124.5
-83.1 -103.8
-83.1 -86.2
-83.1 76.2
-83.1 93.8
-82.9 -5.0
-82.5 -119.9
-82.5 -70.1
-82.5 60.1
-82.5 109.9
-82.1 -160.2
-82.1 -29.8
-82.1 19.8
-82.1 150.2
-82.0 -146.0
-82.0 -44.0
-82.0 34.0
-82.0 136.0
-81.7 -16.5
-81.7 6.5
-81.4 -132.7
-81.4 -95.0
-81.4 -57.3
-81.4 47.3
-81.4 85.0
-81.4 122.7
-81.2 -108.9
-81.2 -81.1
-81.2 71.1
-81.2 98.9
-81.0 -5.0
-80.4 -121.3
-80.4 -68.7
-80.4 58.7
-80.4 111.3
-80.3 -153.7
-80.3 -36.3
-80.3 26.3
-80.3 143.7
-80.2 -165.2
-80.2 -24.8
-80.2 14.8
-80.2 155.2
-80.0 -142.2
-80.0 -47.8
-80.0 37.8
-80.0 132.2
-79.7 -14.2
-79.7 4.2
-79.5 -100.9
-79.5 -89.1
-79.5 79.1
-79.5 90.9
-79.3 -131.5
-79.3 48.5
-79.3 121.5
-79.1 -112.2
-79.1 -77.8
-79.1 67.8
-79.1 102.2
-79.0 -5.0
-78.5 -159.1
-78.5 -30.9
-78.5 20.9
-78.5 149.1
-78.4 -149.3
-78.4 -40.7
-78.4 30.7
-78.4 139.3
-78.3 -122.2
-78.3 -21.4
-78.3 11.4
-78.3 57.8
-78.3 112.2
-78.3 158.6
-78.0 -139.7
-78.0 -50.3
-78.0 40.3
-78.0 129.7
-77.8 -95.0
-77.8 -12.7
-77.8 2.7
-77.8 85.0
-77.6 -105.0
-77.6 -85.0
-77.6 75.0
-77.6 95.0
-77.3 -130.8
-77.3 49.2
-77.3 120.8
-77.1 -114.4
-77.1 -75.6
-77.1 65.6
-77.1 104.4
-77.0 -5.0
-76.7 -154.5
-76.7 -35.5
-76.7 -27.0
-76.7 17.0
-76.7 25.5
-76.7 144.5
-76.7 153.0
-76.5 -146.0
-76.5 34.0
-76.5 136.0
-76.4 -19.0
-76.4 9.0
-76.2 -122.9
-76.2 57.1
-76.2 112.9
-76.0 -137.8
-76.0 42.2
-76.0 127.8
-75.9 -99.4
-75.9 -90.6
-75.9 -11.6
-75.9 1.6
-75.9 80.6
-75.9 89.4
-75.6 -108.0
-75.6 -82.0
-75.6 72.0
-75.6 98.0
-75.2 -130.2
-75.2 49.8
-75.2 120.2
-75.1 -5.0
-75.0 -116.1
-75.0 -73.9
-75.0 21.5
-75.0 63.9
-75.0 106.1
-75.0 148.5
-74.9 -24.1
-74.9 14.1
-74.9 29.0
-74.9 141.0
-74.9 155.9
-74.5 -17.2
-74.5 7.2
-74.5 36.4
-74.5 133.6
-74.1 -123.4
-74.1 -95.0
-74.1 -66.6
-74.1 56.6
-74.1 85.0
-74.1 113.4
-74.0 -10.8
-74.0 0.8
-73.9 -102.8
-73.9 -87.2
-73.9 43.6
-73.9 77.2
-73.9 92.8
-73.9 126.4
-73.5 -110.4
-73.5 -79.6
-73.5 69.6
-73.5 100.4
-73.3 -5.0
-73.2 18.4
-73.2 25.0
-73.2 145.0
-73.2 151.6
-73.0 11.9
-73.0 31.8
-73.0 50.2
-73.0 119.8
-73.0 138.2
-73.0 158.1
-72.9 -72.6
-72.9 62.6
-72.9 107.4
-72.7 -15.8
-72.7 5.8
-72.7 164.2
-72.5 38.4
-72.5 131.6
-72.2 81.5
-72.2 88.5
-72.1 -10.1
-72.1 0.1
-72.0 -66.2
-72.0 56.2
-72.0 113.8
-71.9 -105.5
-71.9 74.5
-71.9 95.5
-71.8 44.7
-71.8 125.3
-71.5 21.8
-71.5 148.2
-71.4 -77.8
-71.4 -5.0
-71.4 15.8
-71.4 67.8
-71.4 102.2
-71.4 154.1
-71.3 27.9
-71.3 142.1
-71.2 10.1
-71.2 159.9
-71.0 34.0
-71.0 136.0
-70.9 50.5
-70.9 119.5
-70.8 4.7
-70.7 -71.6
-70.7 61.6
-70.7 108.4
-70.5 39.9
-70.5 130.1
-70.3 85.0
-70.2 78.6
-70.2 91.4
-69.9 72.3
-69.9 97.7
-69.8 55.9
-69.8 114.1
-69.8 150.8
-69.7 45.5
-69.7 124.5
-69.7 145.3
-69.5 30.3
-69.5 139.7
-69.3 -76.4
-69.3 103.6
-69.0 35.8
-69.0 134.2
-68.8 50.8
-68.8 119.2
-68.6 -70.8
-68.6 60.8
-68.6 109.2
-68.4 41.1
-68.4 82.1
-68.4 87.9
-68.4 128.9
-68.2 76.2
-68.2 93.8
-67.8 99.4
-67.7 55.7
-67.7 114.3
-67.6 46.2
-67.6 123.8
-67.5 137.7
-67.2 104.8
-67.0 132.7
-66.7 51.0
-66.7 119.0
-66.6 85.0
-66.5 -70.1
-66.5 109.9
-66.4 127.8
-66.2 95.8
-65.6 -65.5
-64.6 -61.2
-64.4 -69.6
-55.6 -74.3
-55.0 -70.9
-54.2 -77.0
-53.7 -73.7
-52.8 -79.5
-52.3 -76.2
-51.5 -64.7
-50.9 -78.6
-50.5 -75.6
-49.9 -72.6
-49.5 -80.8
-49.1 -77.8
-48.6 -75.0
-48.0 -72.3
-47.7 -80.0
-47.3 -77.2
-47.0 163.7
-46.7 -74.6
-46.0 -79.2
-46.0 -72.0
-45.6 165.2
-45.4 -76.7
-45.4 162.5
-44.7 -74.3
-44.2 166.7
-44.1 -78.7
-44.0 -71.8
-44.0 164.0
-43.4 -76.3
-43.4 141.0
-43.1 -69.3
-42.7 -73.9
-42.7 168.2
-42.1 -78.3
-41.9 -71.5
-41.9 143.0
-41.4 -76.0
-41.4 140.3
-41.1 -69.2
-41.1 169.6
-41.0 166.9
-40.7 -73.7
-40.2 -77.9
-40.2 -66.8
-39.9 -71.3
-39.6 173.7
-39.5 171.0
-39.4 -75.6
-39.3 139.7
-39.2 -64.4
-39.0 -69.0
-38.7 -73.4
-38.7 137.1
-38.3 144.2
-38.2 -77.5
-38.1 -66.7
-38.1 -62.1
-37.9 172.4
-37.8 -71.1
-37.8 141.6
-37.8 169.8
-37.4 -75.3
-37.2 139.1
-37.1 -64.4
-36.9 -68.8
-36.6 -73.1
-36.6 136.5
-36.3 143.5
-36.2 -77.2
-36.0 -66.6
-36.0 -62.2
-36.0 168.6
-35.8 -70.9
-35.8 134.0
-35.7 141.0
-35.4 -75.0
-35.1 131.5
-35.1 138.5
-34.9 -64.4
-34.9 -59.9
-34.9 115.6
-34.8 -68.7
-34.8 111.3
-34.8 145.2
-34.7 13.7
-34.6 -72.9
-34.4 16.0
-34.4 136.0
-34.2 -76.8
-34.2 142.8
-34.1 18.3
-33.9 -66.5
-33.9 -62.2
-33.9 113.5
-33.9 117.8
-33.7 -70.7
-33.7 -57.8
-33.7 20.7
-33.7 133.5
-33.6 140.4
-33.4 -74.7
-33.2 23.1
-33.2 146.9
-33.0 137.9
-32.9 131.1
-32.8 -64.4
-32.8 14.6
-32.8 115.6
-32.7 -68.6
-32.7 -60.0
-32.7 111.4
-32.7 120.0
-32.7 144.5
-32.5 -72.6
-32.5 16.9
-32.5 124.4
-32.3 135.5
-32.2 -76.5
-32.2 142.2
-32.1 19.2
-32.1 128.8
-31.8 -66.4
-31.8 113.6
-31.7 -62.2
-31.7 21.5
-31.7 117.8
-31.7 148.5
-31.6 -70.5
-31.6 -57.9
-31.6 122.1
-31.6 133.1
-31.6 139.8
-31.4 -74.5
-31.3 13.2
-31.3 126.4
-31.2 23.8
-31.2 146.2
-30.9 15.5
-30.9 137.4
-30.8 130.8
-30.7 -68.4
-30.7 -64.3
-30.7 26.1
-30.7 111.6
-30.7 115.7
-30.7 143.9
-30.6 -60.1
-30.6 17.7
-30.6 119.9
-30.5 -72.4
-30.4 -55.8
-30.4 124.2
-30.3 -76.2
-30.2 19.9
-30.2 135.0
-30.1 141.5
-30.0 128.4
-29.7 -66.4
-29.7 11.9
-29.7 22.2
-29.7 113.6
-29.7 147.8
-29.6 -70.3
-29.6 -62.2
-29.6 109.6
-29.6 117.8
-29.5 132.7
-29.5 139.2
-29.4 -74.2
-29.4 -58.0
-29.4 14.1
-29.4 122.0
-29.2 24.5
-29.2 145.5
-29.1 -53.8
-29.1 16.3
-29.1 126.2
-28.8 136.9
-28.7 18.5
-28.7 26.8
-28.7 130.4
-28.7 143.2
-28.6 -68.3
-28.6 -64.3
-28.6 111.7
-28.6 115.7
-28.5 -72.2
-28.5 -60.2
-28.5 119.8
-28.3 -75.9
-28.2 -56.0
-28.2 20.7
-28.2 124.0
-28.1 10.5
-28.1 134.6
-28.1 140.9
-27.9 128.2
-27.8 12.8
-27.7 22.9
-27.7 147.1
-27.6 -70.2
-27.6 -66.3
-27.6 109.8
-27.6 113.7
-27.5 -62.3
-27.5 15.0
-27.5 117.7
-27.4 -73.9
-27.4 132.3
-27.4 138.7
-27.3 -58.2
-27.3 121.8
-27.2 17.1
-27.2 25.2
-27.2 144.8
-27.0 -54.0
-27.0 126.0
-26.7 19.3
-26.7 136.4
-26.6 -68.2
-26.6 27.4
-26.6 111.8
-26.6 130.1
-26.6 142.6
-26.5 -72.0
-26.5 -64.3
-26.5 115.7
-26.4 -60.3
-26.4 119.7
-26.3 -75.6
-26.3 21.4
-26.3 148.6
-26.2 11.5
-26.1 -56.2
-26.1 123.8
-26.0 134.2
-26.0 140.4
-25.9 13.7
-25.8 23.6
-25.8 42.1
-25.8 127.9
-25.8 146.4
-25.6 15.8
-25.5 -70.0
-25.5 -66.2
-25.5 110.0
-25.5 113.8
-25.4 -73.7
-25.4 -62.3
-25.4 117.7
-25.4 138.1
-25.3 17.9
-25.3 131.9
-25.2 -58.3
-25.2 25.8
-25.2 121.7
-25.2 144.2
-24.9 -54.3
-24.9 125.7
-24.8 20.0
-24.7 135.9
-24.6 28.0
-24.6 142.0
-24.5 -71.8
-24.5 -68.1
-24.5 -64.3
-24.5 -50.2
-24.5 10.2
-24.5 40.2
-24.5 108.2
-24.5 111.9
-24.5 115.7
-24.5 129.8
-24.4 -75.4
-24.3 -60.3
-24.3 12.4
-24.3 22.1
-24.3 119.7
-24.1 -56.4
-24.1 123.6
-24.0 14.5
-24.0 30.2
-24.0 133.7
-24.0 139.8
-23.8 24.3
-23.8 145.7
-23.7 -52.4
-23.7 16.6
-23.7 42.4
-23.7 127.6
-23.6 -69.9
-23.6 110.1
-23.5 -73.5
-23.5 -66.1
-23.5 113.9
-23.4 -62.3
-23.4 18.6
-23.4 117.7
-23.3 137.7
-23.2 -58.4
-23.2 -48.4
-23.2 26.4
-23.2 38.4
-23.2 121.6
-23.2 131.6
-23.2 143.6
-22.9 -54.5
-22.9 20.7
-22.9 125.5
-22.8 8.9
-22.8 161.1
-22.6 -75.3
-22.6 -71.6
-22.6 -68.0
-22.6 11.1
-22.6 28.6
-22.6 112.0
-22.6 135.5
-22.6 141.4
-22.5 -64.2
-22.5 115.8
-22.4 -50.5
-22.4 22.8
-22.4 40.5
-22.4 129.5
-22.3 -60.4
-22.3 13.2
-22.3 119.6
-22.1 15.3
-22.0 -56.5
-22.0 30.7
-22.0 123.5
-22.0 139.3
-21.9 -46.6
-21.9 133.4
-21.8 17.4
-21.8 24.9
-21.8 145.1
-21.6 -73.5
-21.6 -69.7
-21.6 -52.6
-21.6 42.6
-21.6 110.3
-21.6 127.4
-21.5 -66.1
-21.5 19.4
-21.5 113.9
-21.4 -62.3
-21.4 117.7
-21.3 27.0
-21.3 137.2
-21.3 143.0
-21.2 -58.5
-21.2 -48.8
-21.2 38.8
-21.2 121.5
-21.2 131.2
-21.0 21.4
-20.9 9.8
-20.9 160.2
-20.8 -54.7
-20.8 125.3
-20.7 -75.3
-20.7 -71.6
-20.7 11.9
-20.7 29.1
-20.7 140.9
-20.6 -67.9
-20.6 -44.9
-20.6 112.1
-20.6 135.1
-20.5 -64.2
-20.5 14.1
-20.5 23.4
-20.5 115.8
-20.4 -50.8
-20.4 40.8
-20.4 129.2
-20.3 -60.5
-20.3 119.5
-20.2 16.1
-20.0 -56.7
-20.0 123.3
-20.0 138.8
-19.9 -47.0
-19.9 18.1
-19.9 25.5
-19.9 133.0
-19.8 -73.5
-19.7 -69.7
-19.6 -66.0
-19.6 -52.9
-19.6 20.1
-19.6 42.9
-19.6 127.1
-19.4 -62.4
-19.4 117.6
-19.3 27.6
-19.3 136.7
-19.2 -58.6
-19.2 -49.1
-19.2 22.1
-19.2 39.1
-19.2 121.4
-19.2 130.9
-19.1 8.5
-19.0 10.7
-18.8 -75.3
-18.8 -71.6
-18.8 -54.9
-18.8 12.8
-18.8 44.9
-18.8 125.1
-18.7 -67.9
-18.7 -45.3
-18.7 29.6
-18.7 134.7
-18.7 140.4
-18.6 14.9
-18.6 24.1
-18.5 -64.2
-18.4 -51.1
-18.4 41.1
-18.4 128.9
-18.3 -60.5
-18.3 16.9
-18.3 119.5
-18.1 18.8
-18.1 31.7
-18.1 138.3
-18.0 -56.8
-18.0 -47.4
-18.0 26.1
-18.0 123.2
-18.0 132.6
-17.8 -77.2
-17.8 -73.5
-17.8 -69.7
-17.8 20.7
-17.8 173.9
-17.7 -53.1
-17.7 43.1
-17.7 126.9
-17.6 -66.0
-17.5 -62.4
-17.5 117.6
-17.4 -43.7
-17.4 7.3
-17.4 28.1
-17.4 33.7
-17.4 136.3
-17.3 9.4
-17.3 22.7
-17.2 -58.7
-17.2 -49.4
-17.2 39.4
-17.2 121.3
-17.2 130.6
-17.1 11.6
-16.9 -55.1
-16.9 13.6
-16.9 45.1
-16.9 124.9
-16.8 -79.1
-16.8 -75.3
-16.8 -71.6
-16.8 30.1
-16.8 139.9
-16.7 -67.9
-16.7 -45.7
-16.7 15.6
-16.7 24.7
-16.6 -64.2
-16.5 -51.4
-16.5 17.6
-16.5 41.4
-16.5 128.6
-16.4 -60.6
-16.4 119.4
-16.3 19.5
-16.2 26.6
-16.2 32.1
-16.2 137.9
-16.1 -57.0
-16.1 123.0
-16.0 -47.7
-16.0 21.4
-16.0 132.3
-15.8 -77.2
-15.8 -73.5
-15.8 -69.7
-15.7 -80.9
-15.7 -66.0
-15.7 -53.3
-15.7 43.3
-15.7 126.7
-15.6 28.6
-15.5 -62.4
-15.5 -44.1
-15.5 8.2
-15.5 23.3
-15.5 34.1
-15.4 10.3
-15.3 -58.8
-15.3 -49.7
-15.3 121.2
-15.3 130.3
-15.2 12.4
-15.1 14.4
-15.0 -55.2
-15.0 45.2
-15.0 124.8
-14.9 16.4
-14.9 25.2
-14.9 30.6
-14.9 139.4
-14.8 -79.1
-14.8 -75.3
-14.8 -71.6
-14.8 -46.1
-14.8 36.1
-14.7 -67.9
-14.7 18.3
-14.6 -64.2
-14.6 -51.6
-14.6 128.4
-14.5 20.2
-14.4 -60.6
-14.3 27.2
-14.3 32.6
-14.3 137.4
-14.2 -57.1
-14.2 22.0
-14.2 122.9
-14.1 -48.0
-14.1 132.0
-13.9 -177.3
-13.8 -77.2
-13.8 -73.5
-13.8 -69.7
-13.8 -53.5
-13.8 43.5
-13.8 126.5
-13.7 -80.9
-13.7 -66.0
-13.7 9.1
-13.7 23.9
-13.7 29.1
-13.6 -44.5
-13.6 34.5
-13.5 -62.4
-13.5 11.2
-13.4 -50.0
-13.4 13.2
-13.4 130.0
-13.3 -58.8
-13.2 15.2
-13.1 -55.4
-13.1 17.1
-13.1 25.8
-13.1 31.1
-13.1 138.9
-13.0 -46.4
-12.9 19.0
-12.8 -75.3
-12.8 -71.6
-12.7 -79.1
-12.7 -67.9
-12.7 -51.9
-12.7 20.8
-12.7 128.1
-12.6 -82.8
-12.6 -64.2
-12.5 -43.0
-12.5 22.6
-12.5 27.7
-12.5 33.0
-12.5 137.0
-12.4 -60.6
-12.3 -48.4
-12.2 -57.1
-12.0 -53.7
-12.0 24.5
-12.0 126.3
-11.9 29.6
-11.8 -44.9
-11.8 10.0
-11.8 34.9
-11.7 -80.9
-11.7 -77.2
-11.7 -73.5
-11.7 -69.7
-11.7 12.0
-11.6 -66.0
-11.6 -50.2
-11.6 14.0
-11.5 -62.4
-11.4 15.9
-11.4 26.3
-11.3 -58.8
-11.3 -41.5
-11.3 17.8
-11.3 31.5
-11.2 -46.8
-11.1 -55.4
-11.1 19.6
-11.0 21.4
-10.9 -52.1
-10.8 23.2
-10.8 28.2
-10.7 -79.1
-10.7 -75.3
-10.7 -71.6
-10.7 -43.4
-10.7 33.4
-10.6 -82.8
-10.6 -67.9
-10.5 -64.2
-10.5 -48.7
-10.4 -60.6
-10.4 119.4
-10.2 -57.1
-10.2 25.0
-10.2 30.1
-10.2 145.0
-10.1 -45.3
-10.1 8.8
-10.0 -53.7
-10.0 10.8
-9.9 12.8
-9.8 -50.5
-9.8 14.7
-9.8 155.3
-9.7 -73.5
-9.7 16.6
-9.7 26.8
-9.7 143.2
-9.6 -80.9
-9.6 -77.2
-9.6 -69.7
-9.6 -66.0
-9.6 -41.9
-9.6 18.5
-9.6 31.9
-9.6 114.0
-9.6 138.1
-9.5 -62.4
-9.4 -47.1
-9.4 20.3
-9.3 -58.8
-9.3 22.0
-9.3 121.2
-9.2 -55.4
-9.1 23.7
-9.1 28.7
-9.1 141.3
-9.0 -52.1
-9.0 -43.8
-9.0 33.8
-9.0 136.2
-8.7 -48.9
-8.6 -79.1
-8.6 -75.3
-8.6 -71.6
-8.6 25.5
-8.6 104.7
-8.6 108.4
-8.5 -82.8
-8.5 -67.9
-8.5 -64.2
-8.5 -40.5
-8.5 30.5
-8.5 112.1
-8.5 115.8
-8.5 139.5
-8.4 -60.6
-8.4 119.4
-8.3 -45.6
-8.3 9.7
-8.3 134.4
-8.2 -57.1
-8.2 11.6
-8.2 13.6
-8.1 -53.7
-8.1 15.5
-8.1 126.3
-8.1 154.5
-8.0 17.3
-8.0 27.3
-8.0 142.7
-8.0 152.7
-7.9 -50.5
-7.9 -42.3
-7.9 19.1
-7.9 32.3
-7.9 137.7
-7.7 -47.4
-7.7 20.9
-7.6 22.6
-7.5 -80.9
-7.5 -77.2
-7.5 -73.5
-7.5 -69.7
-7.5 -66.0
-7.5 24.3
-7.5 102.8
-7.5 106.5
-7.4 -84.6
-7.4 -62.4
-7.4 29.1
-7.4 140.9
-7.3 -58.8
-7.3 -44.2
-7.3 34.2
-7.3 135.8
-7.1 -55.4
-7.0 -52.1
-7.0 26.0
-6.8 -49.0
-6.8 -40.9
-6.8 30.9
-6.8 139.1
-6.6 -45.9
-6.6 8.5
-6.6 10.5
-6.6 134.1
-6.5 -75.3
-6.5 -71.6
-6.5 12.4
-6.4 -82.8
-6.4 -79.1
-6.4 -67.9
-6.4 -64.2
-6.4 14.3
-6.4 16.2
-6.4 27.8
-6.4 100.9
-6.4 142.2
-6.3 -86.4
-6.3 -60.6
-6.3 18.0
-6.2 -57.1
-6.2 -42.7
-6.2 19.8
-6.2 32.7
-6.2 137.3
-6.2 150.2
-6.1 -53.7
-6.1 21.5
-6.0 23.2
-6.0 146.8
-5.9 -50.5
-5.9 24.8
-5.9 129.5
-5.9 145.2
-5.8 -47.4
-5.8 29.6
-5.8 132.6
-5.8 140.4
-5.6 -44.5
-5.6 34.5
-5.6 135.5
-5.4 -80.9
-5.4 -77.2
-5.4 -73.5
-5.4 -69.7
-5.4 26.5
-5.4 99.1
-5.3 -84.6
-5.3 -66.0
-5.3 -62.4
-5.3 117.6
-5.2 -58.8
-5.2 -41.4
-5.2 31.4
-5.2 138.6
-5.1 -55.4
-5.0 -52.1
-5.0 7.4
-4.9 -49.0
-4.9 9.3
-4.9 11.3
-4.9 131.0
-4.8 -46.0
-4.8 13.2
-4.8 15.1
-4.8 28.3
-4.8 134.0
-4.7 16.9
-4.6 -43.1
-4.6 18.7
-4.6 20.4
-4.6 33.1
-4.6 136.9
-4.5 22.1
-4.5 147.9
-4.4 23.7
-4.3 -82.8
-4.3 -79.1
-4.3 -75.3
-4.3 -71.6
-4.3 -67.9
-4.3 -64.2
-4.3 25.3
-4.3 97.2
-4.3 100.9
-4.3 115.8
-4.2 -86.4
-4.2 -60.6
-4.2 30.0
-4.2 140.0
-4.1 -57.1
-4.1 -53.7
-4.1 126.3
-4.0 -50.5
-4.0 129.5
-3.9 -47.4
-3.9 132.6
-3.8 -44.5
-3.8 27.0
-3.8 34.5
-3.8 135.5
-3.6 31.7
-3.6 138.3
-3.3 6.2
-3.3 8.2
-3.3 28.7
-3.2 -84.6
-3.2 -80.9
-3.2 -77.2
-3.2 -73.5
-3.2 -69.7
-3.2 -66.0
-3.2 -62.4
-3.2 10.1
-3.2 12.1
-3.2 13.9
-3.2 99.1
-3.2 102.8
-3.2 106.5
-3.2 110.3
-3.2 114.0
-3.2 117.6
-3.1 -58.8
-3.1 -55.4
-3.1 15.8
-3.1 17.5
-3.1 19.3
-3.1 121.2
-3.1 124.6
-3.0 -52.1
-3.0 21.0
-3.0 22.6
-3.0 127.9
-2.9 -49.0
-2.9 -46.0
-2.9 24.2
-2.9 36.0
-2.9 131.0
-2.9 134.0
-2.9 145.8
-2.8 25.8
-2.8 33.1
-2.8 136.9
-2.7 30.4
-2.3 27.5
-2.2 -79.1
-2.2 -75.3
-2.2 -71.6
-2.2 -67.9
-2.2 100.9
-2.2 108.4
-2.2 112.1
-2.1 -86.4
-2.1 -82.8
-2.1 -64.2
-2.1 -60.6
-2.1 -57.1
-2.1 93.6
-2.1 97.2
-2.1 115.8
-2.1 119.4
-2.1 122.9
-2.0 -53.7
-2.0 -50.5
-2.0 126.3
-2.0 129.5
-1.9 34.5
-1.9 132.6
-1.8 31.8
-1.7 29.1
-1.6 5.1
-1.6 7.1
-1.6 9.0
-1.6 10.9
-1.6 12.8
-1.6 14.6
-1.5 16.4
-1.5 18.2
-1.5 19.9
-1.5 21.6
-1.5 23.2
-1.4 24.7
-1.4 26.3
-1.1 -84.6
-1.1 -80.9
-1.1 -77.2
-1.1 -73.5
-1.1 -69.7
-1.1 -66.0
-1.1 -62.4
-1.1 95.4
-1.1 99.1
-1.1 106.5
-1.1 110.3
-1.1 117.6
-1.0 -58.8
-1.0 -55.4
-1.0 -52.1
-1.0 36.0
-1.0 127.9
-1.0 131.0
-0.9 30.4
-0.9 33.1
-0.8 27.9
0.0 -82.8
0.0 -79.1
0.0 -75.3
0.0 -71.6
0.0 -67.9
0.0 -64.2
0.0 -60.6
0.0 -57.1
0.0 -53.7
0.0 4.0
0.0 6.0
0.0 8.0
0.0 9.9
0.0 11.7
0.0 13.6
0.0 15.4
0.0 17.1
0.0 18.9
0.0 20.5
0.0 22.2
0.0 23.7
0.0 25.3
0.0 26.7
0.0 29.2
0.0 31.8
0.0 34.5
0.0 37.4
0.0 97.2
0.0 104.7
0.0 108.4
0.0 112.1
0.0 115.8
0.0 119.4
0.0 122.9
0.0 126.3
0.8 27.9
0.9 30.4
0.9 33.1
1.0 -58.8
1.0 -55.4
1.0 36.0
1.0 39.0
1.1 -84.6
1.1 -80.9
1.1 -77.2
1.1 -73.5
1.1 -69.7
1.1 -66.0
1.1 -62.4
1.1 95.4
1.1 99.1
1.1 106.5
1.1 110.3
1.1 114.0
1.1 117.6
1.4 24.7
1.4 26.3
1.5 16.4
1.5 18.2
1.5 19.9
1.5 21.6
1.5 23.2
1.6 5.1
1.6 7.1
1.6 9.0
1.6 10.9
1.6 12.8
1.6 14.6
1.7 29.1
1.8 31.8
1.9 34.5
1.9 37.4
2.0 40.5
2.1 -82.8
2.1 -64.2
2.1 -60.6
2.1 -57.1
2.1 93.6
2.1 97.2
2.2 -79.1
2.2 -75.3
2.2 -71.6
2.2 -67.9
2.2 108.4
2.2 112.1
2.3 27.5
2.7 30.4
2.8 25.8
2.8 33.1
2.9 24.2
2.9 36.0
2.9 39.0
3.0 21.0
3.0 22.6
3.0 42.1
3.1 -58.8
3.1 15.8
3.1 17.5
3.1 19.3
3.1 91.8
3.2 -80.9
3.2 -77.2
3.2 -73.5
3.2 -69.7
3.2 -66.0
3.2 -62.4
3.2 10.1
3.2 12.1
3.2 13.9
3.2 110.3
3.3 4.2
3.3 6.2
3.3 8.2
3.3 28.7
3.6 31.7
3.8 27.0
3.8 34.5
3.9 37.4
4.0 40.5
4.1 -57.1
4.2 -60.6
4.2 30.0
4.2 93.6
4.3 -82.8
4.3 -79.1
4.3 -75.3
4.3 -71.6
4.3 -67.9
4.3 -64.2
4.3 25.3
4.3 97.2
4.3 112.1
4.4 23.7
4.5 22.1
4.6 18.7
4.6 20.4
4.6 33.1
4.7 16.9
4.8 13.2
4.8 15.1
4.8 28.3
4.8 36.0
4.9 9.3
4.9 11.3
4.9 39.0
5.0 -13.3
5.0 -11.2
5.0 1.3
5.0 3.3
5.0 5.3
5.0 7.4
5.0 42.1
5.1 -9.2
5.1 -7.1
5.1 -5.0
5.2 -58.8
5.2 31.4
5.2 91.8
5.3 -66.0
5.3 -62.4
5.3 95.4
5.3 114.0
5.4 -80.9
5.4 -77.2
5.4 -73.5
5.4 -69.7
5.4 26.5
5.6 34.5
5.8 29.6
5.8 37.4
5.9 24.8
5.9 40.5
6.0 23.2
6.1 21.5
6.1 43.7
6.2 19.8
6.2 32.7
6.3 18.0
6.3 76.4
6.3 119.4
6.4 -82.8
6.4 -79.1
6.4 -67.9
6.4 -64.2
6.4 14.3
6.4 16.2
6.4 27.8
6.4 97.2
6.4 112.1
6.5 -75.3
6.5 -71.6
6.5 12.4
6.6 8.5
6.6 10.5
6.6 35.9
6.7 -16.5
6.7 -14.4
6.7 4.4
6.7 6.5
6.8 -12.4
6.8 -10.3
6.8 -8.2
6.8 -6.1
6.8 -3.9
6.8 -1.8
6.8 0.3
6.8 2.4
6.8 30.9
6.8 39.0
7.0 26.0
7.0 42.1
7.3 34.2
7.3 121.2
7.4 29.1
7.4 74.6
7.4 95.4
7.4 117.6
7.5 -80.9
7.5 -77.2
7.5 -73.5
7.5 -69.7
7.5 -66.0
7.5 24.3
7.6 22.6
7.7 20.9
7.7 37.4
7.9 19.1
7.9 32.3
7.9 40.5
8.0 17.3
8.0 27.3
8.1 15.5
8.1 43.7
8.2 11.6
8.2 13.6
8.3 9.7
8.3 35.6
8.4 -86.4
8.4 -17.6
8.4 7.6
8.4 76.4
8.4 93.6
8.4 119.4
8.5 -82.8
8.5 -67.9
8.5 -15.6
8.5 -13.5
8.5 -11.4
8.5 1.4
8.5 3.5
8.5 5.6
8.5 30.5
8.5 72.8
8.6 -79.1
8.6 -75.3
8.6 -71.6
8.6 -9.3
8.6 -7.1
8.6 -5.0
8.6 -2.9
8.6 -0.7
8.6 25.5
8.6 100.9
8.7 38.9
9.0 33.8
9.0 42.1
9.1 23.7
9.1 28.7
9.2 45.4
9.3 22.0
9.3 121.2
9.4 -88.2
9.4 20.3
9.4 37.1
9.5 74.6
9.5 117.6
9.6 -80.9
9.6 -77.2
9.6 -69.7
9.6 -66.0
9.6 18.5
9.6 31.9
9.6 70.9
9.6 114.0
9.7 -73.5
9.7 16.6
9.7 26.8
9.8 14.7
9.8 40.5
9.9 12.8
10.0 10.8
10.0 43.7
10.1 -18.8
10.1 8.8
10.1 35.3
10.2 -16.7
10.2 6.7
10.2 25.0
10.2 30.1
10.3 -89.9
10.3 -14.6
10.3 -12.5
10.3 2.5
10.3 4.6
10.4 -10.4
10.4 -8.2
10.4 -6.1
10.4 -3.9
10.4 -1.8
10.4 0.4
10.4 119.4
10.5 38.7
10.5 93.6
10.6 -67.9
10.6 72.8
10.7 -79.1
10.7 -75.3
10.7 33.4
10.7 100.9
10.8 23.2
10.8 28.2
10.9 42.1
11.0 21.4
11.1 19.6
11.1 45.4
11.2 -91.7
11.2 36.8
11.3 17.8
11.3 31.5
11.4 15.9
11.4 26.3
11.5 117.6
11.6 14.0
11.6 74.6
11.6 95.4
11.7 -77.2
11.7 12.0
11.7 70.9
11.7 99.1
11.7 102.8
11.8 -20.0
11.8 10.0
11.8 34.9
11.9 -17.9
11.9 7.9
11.9 29.6
12.0 -15.8
12.0 5.8
12.0 24.5
12.1 -13.7
12.1 -11.5
12.1 1.5
12.1 3.7
12.2 -9.4
12.2 -7.2
12.2 -5.0
12.2 -2.8
12.2 -0.6
12.3 -89.9
12.3 38.4
12.4 119.4
12.5 22.6
12.5 27.7
12.5 33.0
12.5 93.6
12.6 72.8
12.6 97.2
12.6 115.8
12.7 20.8
12.7 41.9
12.7 100.9
12.8 104.7
12.9 -95.0
12.9 19.0
13.0 36.4
13.1 17.1
13.1 25.8
13.1 31.1
13.2 -91.7
13.2 15.2
13.4 -88.2
13.4 13.2
13.4 40.0
13.5 -21.2
13.5 11.2
13.5 117.6
13.6 34.5
13.6 74.6
13.6 95.4
13.7 -19.1
13.7 9.1
13.7 23.9
13.7 29.1
13.7 70.9
13.7 99.1
13.8 -17.0
13.8 7.0
13.8 43.5
13.8 102.8
13.9 -14.9
13.9 -12.7
13.9 2.7
13.9 4.9
14.0 -96.7
14.0 -93.3
14.0 -10.5
14.0 -8.3
14.0 -1.7
14.0 0.5
14.1 -6.1
14.1 -3.9
14.1 38.0
14.2 22.0
14.3 -89.9
14.3 27.2
14.3 32.6
14.5 20.2
14.5 93.6
14.6 41.6
14.6 115.8
14.7 -28.3
14.7 18.3
14.7 72.8
14.7 97.2
14.8 69.1
14.8 100.9
14.8 104.7
14.9 -95.0
14.9 16.4
14.9 25.2
14.9 30.6
15.0 45.2
15.1 -98.3
15.1 -91.7
15.1 14.4
15.2 12.4
15.3 39.7
15.4 -101.8
15.4 -20.3
15.4 10.3
15.5 -18.2
15.5 8.2
15.5 23.3
15.5 34.1
15.6 -16.1
15.6 6.1
15.6 28.6
15.6 74.6
15.6 95.4
15.7 -13.9
15.7 3.9
15.7 43.3
15.7 70.9
15.7 99.1
15.8 -11.7
15.8 1.7
15.8 102.8
15.9 -96.7
15.9 -93.3
15.9 -9.5
15.9 -7.2
15.9 -5.0
15.9 -2.8
15.9 -0.5
16.0 21.4
16.0 37.7
16.1 47.0
16.2 -100.1
16.2 26.6
16.2 32.1
16.2 90.1
16.3 19.5
16.5 -103.6
16.5 17.6
16.5 41.4
16.5 76.4
16.5 93.6
16.6 72.8
16.6 97.2
16.6 115.8
16.7 -95.0
16.7 15.6
16.7 24.7
16.8 30.1
16.8 69.1
16.8 100.9
16.9 13.6
16.9 45.1
17.0 -98.3
17.1 -21.6
17.1 11.6
17.2 39.4
17.2 48.7
17.3 -101.8
17.3 -19.4
17.3 9.4
17.3 22.7
17.3 78.2
17.3 91.8
17.4 -17.3
17.4 7.3
17.4 28.1
17.4 33.7
17.5 -105.4
17.5 -15.1
17.5 5.1
17.5 74.6
17.5 95.4
17.5 117.6
17.6 -12.9
17.6 2.9
17.7 -10.7
17.7 0.7
17.7 43.1
17.7 70.9
17.7 99.1
17.8 -96.7
17.8 -93.3
17.8 -77.2
17.8 -73.5
17.8 -8.4
17.8 -6.1
17.8 -3.9
17.8 -1.6
17.8 20.7
18.0 26.1
18.0 37.4
18.0 46.8
18.1 -100.1
18.1 18.8
18.1 31.7
18.1 79.9
18.1 90.1
18.3 16.9
18.3 50.5
18.4 -103.6
18.4 41.1
18.4 76.4
18.4 93.6
18.6 -107.2
18.6 -95.0
18.6 14.9
18.6 24.1
18.6 72.8
18.6 97.2
18.7 -79.1
18.7 29.6
18.7 69.1
18.7 100.9
18.8 -75.3
18.8 12.8
18.8 44.9
18.8 104.7
18.9 88.3
19.0 -20.7
19.0 10.7
19.1 -18.5
19.1 8.5
19.2 -101.8
19.2 22.1
19.2 39.1
19.2 48.6
19.2 78.2
19.2 91.8
19.3 -16.3
19.3 6.3
19.3 27.6
19.4 -105.4
19.4 -14.1
19.4 4.1
19.4 52.4
19.4 74.6
19.4 95.4
19.5 -11.9
19.5 1.9
19.6 -109.1
19.6 -93.3
19.6 -80.9
19.6 -9.6
19.6 -7.3
19.6 -2.7
19.6 -0.4
19.6 20.1
19.6 42.9
19.6 70.9
19.6 99.1
19.7 -160.0
19.7 -77.2
19.7 -5.0
19.7 67.2
19.8 106.5
19.9 18.1
19.9 25.5
19.9 37.0
20.0 31.2
20.0 46.7
20.0 79.9
20.0 90.1
20.2 16.1
20.3 -103.6
20.3 50.5
20.3 76.4
20.3 93.6
20.4 -95.0
20.4 40.8
20.5 -107.2
20.5 -82.8
20.5 14.1
20.5 23.4
20.5 54.2
20.5 72.8
20.5 97.2
20.6 -110.9
20.6 34.9
20.6 69.1
20.6 100.9
20.7 -91.7
20.7 -21.9
20.7 11.9
20.7 29.1
20.7 65.3
20.7 81.7
20.7 88.3
20.7 104.7
20.8 44.7
20.9 -19.8
20.9 9.8
21.0 21.4
21.1 -88.2
21.1 -17.6
21.1 7.6
21.1 78.2
21.1 91.8
21.2 -15.4
21.2 5.4
21.2 38.8
21.2 48.5
21.3 -105.4
21.3 -84.6
21.3 -13.1
21.3 3.1
21.3 27.0
21.3 74.6
21.3 95.4
21.4 -93.3
21.4 -10.8
21.4 0.8
21.4 52.3
21.4 83.3
21.4 86.7
21.5 -109.1
21.5 -8.5
21.5 -6.2
21.5 -3.8
21.5 -1.5
21.5 19.4
21.5 70.9
21.5 99.1
21.6 42.6
21.6 67.2
21.6 102.8
21.6 106.5
21.8 17.4
21.8 24.9
21.8 79.9
21.8 90.1
21.9 36.6
22.0 30.7
22.0 46.5
22.1 -103.6
22.1 -86.4
22.1 15.3
22.1 76.4
22.1 85.0
22.1 93.6
22.3 -107.2
22.3 13.2
22.3 50.4
22.3 72.8
22.3 97.2
22.4 22.8
22.4 40.5
22.5 -110.9
22.5 54.2
22.5 69.1
22.5 81.7
22.5 88.3
22.5 100.9
22.5 115.8
22.6 -114.7
22.6 -21.1
22.6 11.1
22.6 28.6
22.6 34.5
22.6 65.3
22.6 104.7
22.6 108.4
22.6 112.0
22.8 -18.9
22.8 8.9
22.9 -88.2
22.9 20.7
22.9 44.5
22.9 78.2
22.9 91.8
23.0 -16.6
23.0 6.6
23.1 -105.4
23.1 -14.3
23.1 4.3
23.1 74.6
23.1 95.4
23.2 -12.0
23.2 2.0
23.2 26.4
23.2 38.4
23.2 48.4
23.2 83.3
23.2 86.7
23.3 -109.1
23.3 -9.7
23.3 -0.3
23.3 70.9
23.3 99.1
23.4 -7.4
23.4 -5.0
23.4 -2.6
23.4 18.6
23.4 52.3
23.5 -116.5
23.5 -112.8
23.5 63.5
23.5 67.2
23.5 102.8
23.5 106.5
23.6 79.9
23.6 90.1
23.6 110.1
23.7 16.6
23.7 42.4
23.8 24.3
23.9 -103.6
23.9 76.4
23.9 85.0
23.9 93.6
24.0 14.5
24.0 30.2
24.0 36.3
24.1 46.4
24.2 -107.2
24.2 -82.8
24.2 72.8
24.2 97.2
24.3 -110.9
24.3 12.4
24.3 22.1
24.3 50.3
24.3 69.1
24.3 81.7
24.3 88.3
24.3 100.9
24.4 65.4
24.4 104.6
24.5 -20.2
24.5 10.2
24.5 40.2
24.5 58.1
24.5 61.8
24.5 108.2
24.5 111.9
24.5 115.7
24.6 28.0
24.6 78.2
24.6 91.8
24.7 -17.9
24.7 7.9
24.7 34.1
24.8 20.0
24.9 -105.4
24.9 -15.6
24.9 5.6
24.9 44.3
24.9 74.6
24.9 83.3
24.9 86.7
24.9 95.4
25.0 -13.3
25.0 3.3
25.1 -109.1
25.1 70.9
25.1 99.1
25.2 -10.9
25.2 -8.6
25.2 -1.4
25.2 0.9
25.2 25.8
25.3 -112.8
25.3 -6.2
25.3 -3.8
25.3 17.9
25.3 38.1
25.3 67.2
25.3 79.9
25.3 90.1
25.3 102.8
25.4 -116.3
25.4 31.9
25.4 52.3
25.4 63.7
25.4 106.3
25.5 56.2
25.5 60.0
25.5 85.0
25.5 110.0
25.5 113.8
25.6 -103.6
25.6 -86.4
25.6 15.8
25.6 76.4
25.6 93.6
25.8 23.6
25.8 42.1
25.9 -107.2
25.9 -82.8
25.9 13.7
25.9 72.8
25.9 81.7
25.9 88.3
25.9 97.2
26.0 29.6
26.0 35.8
26.1 -110.9
26.1 69.1
26.1 100.9
26.2 11.5
26.3 -114.4
26.3 21.4
26.3 65.6
26.3 78.2
26.3 91.8
26.3 104.4
26.4 -19.2
26.4 9.2
26.4 50.3
26.5 -118.0
26.5 54.3
26.5 62.0
26.5 83.3
26.5 86.7
26.5 108.0
26.5 115.7
26.6 -105.4
26.6 -16.9
26.6 6.9
26.6 27.4
26.6 39.9
26.6 58.2
26.6 74.6
26.6 95.4
26.6 111.8
26.7 19.3
26.7 33.6
26.8 -14.6
26.8 4.6
26.9 -109.0
26.9 -12.2
26.9 2.2
26.9 71.0
26.9 99.0
27.0 -9.8
27.0 -0.2
27.0 44.0
27.0 79.9
27.0 90.1
27.1 -7.4
27.1 -5.0
27.1 -2.6
27.2 -112.5
27.2 17.1
27.2 25.2
27.2 67.5
27.2 85.0
27.2 102.5
27.3 -103.6
27.3 -86.4
27.3 48.2
27.3 76.4
27.3 93.6
27.4 -116.1
27.4 31.3
27.4 37.7
27.4 63.9
27.4 106.1
27.5 15.0
27.5 52.3
27.6 -119.8
27.6 -107.2
27.6 56.3
27.6 60.2
27.6 72.8
27.6 81.7
27.6 88.3
27.6 97.2
27.6 109.8
27.6 113.7
27.7 22.9
27.8 12.8
27.9 41.8
28.0 -110.6
28.0 -101.8
28.0 -88.2
28.0 69.4
28.0 78.2
28.0 91.8
28.0 100.6
28.1 -20.5
28.1 10.5
28.1 29.1
28.1 35.4
28.2 20.7
28.2 46.0
28.2 83.3
28.2 86.7
28.3 -114.1
28.3 -105.4
28.3 8.2
28.3 65.9
28.3 74.6
28.3 95.4
28.3 104.1
28.5 -117.8
28.5 -15.9
28.5 5.9
28.5 50.2
28.5 62.2
28.5 107.8
28.6 -100.1
28.6 54.3
28.6 58.3
28.6 79.9
28.6 90.1
28.6 111.7
28.6 115.7
28.7 -95.0
28.7 -13.5
28.7 3.5
28.7 18.5
28.7 26.8
28.7 39.6
28.7 85.0
28.8 -108.7
28.8 -11.1
28.8 1.1
28.8 33.1
28.8 71.3
28.8 98.7
28.9 -8.7
28.9 -1.3
29.0 -103.5
29.0 -86.4
29.0 -6.2
29.0 -3.8
29.0 76.5
29.0 93.5
29.1 -112.1
29.1 16.3
29.1 67.9
29.1 102.1
29.2 -98.3
29.2 24.5
29.2 81.7
29.2 88.3
29.4 -115.8
29.4 14.1
29.4 48.0
29.4 64.2
29.4 105.8
29.5 -106.8
29.5 30.8
29.5 37.3
29.5 73.2
29.5 96.8
29.6 -119.7
29.6 -101.8
29.6 -88.2
29.6 52.2
29.6 60.3
29.6 78.2
29.6 91.8
29.6 109.7
29.7 -96.7
29.7 -93.3
29.7 11.9
29.7 22.2
29.7 56.4
29.7 83.3
29.7 86.7
29.7 113.6
29.9 -110.2
29.9 69.8
29.9 100.2
30.0 9.6
30.0 41.6
30.1 28.5
30.2 -104.9
30.2 -100.0
30.2 -90.0
30.2 7.2
30.2 19.9
30.2 35.0
30.2 75.1
30.2 80.0
30.2 90.0
30.2 94.9
30.3 -113.8
30.3 -95.0
30.3 66.2
30.3 85.0
30.3 103.8
30.4 -14.8
30.4 4.8
30.4 45.8
30.5 -117.6
30.5 62.4
30.5 107.6
30.6 -108.3
30.6 -12.4
30.6 2.4
30.6 17.7
30.6 50.1
30.6 71.7
30.6 98.3
30.7 -121.6
30.7 -10.0
30.7 -0.0
30.7 26.1
30.7 54.3
30.7 58.4
30.7 111.6
30.7 115.7
30.8 -103.1
30.8 -98.3
30.8 -91.7
30.8 -86.9
30.8 -7.5
30.8 -5.0
30.8 -2.5
30.8 39.2
30.8 76.9
30.8 81.7
30.8 88.3
30.8 93.1
30.9 15.5
30.9 32.6
31.1 -111.8
31.1 68.2
31.1 101.8
31.2 23.8
31.3 -106.3
31.3 -96.6
31.3 -93.4
31.3 43.6
31.3 73.7
31.3 83.4
31.3 86.6
31.3 96.3
31.3 126.4
31.4 -115.5
31.4 -101.3
31.4 -88.7
31.4 64.5
31.4 78.7
31.4 91.3
31.4 105.5
31.6 -119.5
31.6 10.9
31.6 30.2
31.6 36.9
31.6 47.9
31.6 60.5
31.6 109.5
31.7 -95.0
31.7 52.2
31.7 85.0
31.8 -109.8
31.8 56.4
31.8 70.2
31.8 99.8
31.8 113.6
31.9 -99.5
31.9 -90.5
31.9 8.6
31.9 80.5
31.9 89.5
32.0 -104.5
32.0 -85.6
32.0 75.5
32.0 94.5
32.1 6.2
32.1 19.2
32.1 41.2
32.2 -113.5
32.2 66.5
32.2 103.5
32.3 -13.7
32.3 3.7
32.3 34.5
32.4 -97.8
32.4 -92.2
32.4 82.2
32.4 87.8
32.5 -117.4
32.5 -107.8
32.5 -11.3
32.5 1.3
32.5 16.9
32.5 45.6
32.5 62.6
32.5 72.2
32.5 97.8
32.5 107.4
32.5 124.4
32.6 -102.6
32.6 -87.4
32.6 -8.8
32.6 -6.3
32.6 -3.7
32.6 -1.2
32.6 77.4
32.6 92.6
32.7 -121.4
32.7 50.0
32.7 58.6
32.7 111.4
32.8 54.4
32.8 115.6
32.9 -96.0
32.9 -94.0
32.9 38.9
32.9 84.0
32.9 86.0
32.9 131.1
33.0 -111.4
33.0 32.1
33.0 68.6
33.0 101.4
33.1 -100.7
33.1 -89.3
33.1 79.3
33.1 90.7
33.2 -105.9
33.2 -84.1
33.2 74.1
33.2 95.9
33.4 -115.3
33.4 43.3
33.4 64.7
33.4 105.3
33.4 126.7
33.7 -119.3
33.7 -98.9
33.7 -91.1
33.7 36.5
33.7 47.8
33.7 60.7
33.7 81.1
33.7 88.9
33.7 109.3
33.7 122.2
33.7 133.5
33.8 -109.4
33.8 -103.9
33.8 -86.1
33.8 70.6
33.8 76.1
33.8 93.9
33.8 99.4
33.9 -123.5
33.9 52.2
33.9 56.5
33.9 113.5
34.0 5.1
34.1 -97.1
34.1 -92.9
34.1 82.9
34.1 87.1
34.2 -113.2
34.2 -95.0
34.2 2.6
34.2 27.2
34.2 66.8
34.2 85.0
34.2 103.2
34.3 -10.1
34.3 0.1
34.3 40.9
34.3 129.1
34.4 -107.4
34.4 -102.0
34.4 -88.0
34.4 -82.6
34.4 -7.6
34.4 -5.0
34.4 -2.4
34.4 34.0
34.4 72.6
34.4 78.0
34.4 92.0
34.4 97.4
34.6 -117.1
34.6 62.9
34.6 107.1
34.7 45.4
34.7 124.6
34.8 -121.3
34.8 58.7
34.8 111.3
34.9 -125.6
34.9 -100.2
34.9 -89.8
34.9 49.9
34.9 54.4
34.9 79.8
34.9 90.2
35.0 -111.1
35.0 68.9
35.0 101.1
35.1 -105.4
35.1 -84.6
35.1 31.5
35.1 38.5
35.1 74.6
35.1 95.4
35.1 131.5
35.4 -115.0
35.4 -98.3
35.4 -96.1
35.4 -93.9
35.4 -91.7
35.4 65.0
35.4 81.7
35.4 83.9
35.4 86.1
35.4 88.3
35.4 105.0
35.6 43.0
35.7 -109.0
35.7 -103.4
35.7 -86.6
35.7 -81.0
35.7 29.0
35.7 71.0
35.7 76.6
35.7 93.4
35.7 99.0
35.8 -119.1
35.8 4.0
35.8 36.0
35.8 60.9
35.8 109.1
35.8 134.0
35.9 47.6
35.9 122.4
36.0 -123.4
36.0 -11.4
36.0 1.4
36.0 17.5
36.0 52.2
36.0 56.6
36.0 113.4
36.1 -8.9
36.1 -1.1
36.2 -112.8
36.2 -101.5
36.2 -88.5
36.2 -3.7
36.2 67.2
36.2 78.5
36.2 91.5
36.2 102.8
36.3 -106.9
36.3 -83.1
36.3 26.5
36.3 73.1
36.3 96.9
36.4 40.6
36.6 -116.9
36.6 -99.5
36.6 -90.5
36.6 33.5
36.6 63.1
36.6 80.5
36.6 89.5
36.6 106.9
36.6 136.5
36.7 -97.3
36.7 -92.7
36.7 82.7
36.7 87.3
36.8 -95.0
36.8 24.0
36.8 45.2
36.8 85.0
36.8 124.8
36.9 -121.2
36.9 -110.7
36.9 -104.9
36.9 -85.1
36.9 10.4
36.9 58.8
36.9 69.3
36.9 75.1
36.9 94.9
36.9 100.7
36.9 111.2
37.0 49.9
37.1 -125.6
37.1 54.4
37.1 115.6
37.2 7.9
37.2 30.9
37.2 38.1
37.2 131.9
37.4 -114.7
37.4 65.3
37.4 104.7
37.5 -102.9
37.5 -87.1
37.5 77.1
37.5 92.9
37.6 -108.5
37.6 -81.5
37.6 -12.8
37.6 19.0
37.6 71.5
37.6 98.5
37.7 42.8
37.8 -118.9
37.8 -10.2
37.8 28.4
37.8 61.1
37.8 108.9
37.9 -100.8
37.9 -89.2
37.9 -7.6
37.9 -5.0
37.9 16.6
37.9 79.2
37.9 90.8
38.0 35.5
38.0 122.5
38.0 134.5
38.1 -127.9
38.1 -123.3
38.1 -98.5
38.1 -96.2
38.1 -93.8
38.1 -91.5
38.1 52.1
38.1 56.7
38.1 81.5
38.1 83.8
38.1 86.2
38.1 88.5
38.1 113.3
38.2 -112.5
38.2 -106.4
38.2 -83.6
38.2 67.5
38.2 73.6
38.2 96.4
38.2 102.5
38.3 25.8
38.4 11.8
38.6 40.2
38.7 -116.6
38.7 32.9
38.7 63.4
38.7 106.6
38.7 137.1
38.8 -104.3
38.8 -85.7
38.8 23.2
38.8 75.7
38.8 94.3
38.9 -110.3
38.9 -79.7
38.9 69.7
38.9 100.3
39.0 -121.0
39.0 59.0
39.0 111.0
39.2 -125.6
39.2 -14.2
39.2 4.2
39.2 20.7
39.2 49.8
39.2 54.4
39.2 120.2
39.3 -102.3
39.3 -87.7
39.3 30.3
39.3 77.7
39.3 92.3
39.4 -114.4
39.4 -99.9
39.4 -90.1
39.4 -11.6
39.4 37.6
39.4 65.6
39.4 80.1
39.4 89.9
39.4 104.4
39.5 -108.1
39.5 -97.4
39.5 -95.0
39.5 -92.6
39.5 -81.9
39.5 -9.0
39.5 18.2
39.5 71.9
39.5 82.6
39.5 85.0
39.5 87.4
39.5 98.1
39.6 -6.3
39.8 15.7
39.8 27.7
39.9 -118.7
39.9 42.5
39.9 61.3
39.9 108.7
40.0 13.2
40.1 -105.9
40.1 -84.1
40.1 35.0
40.1 74.1
40.1 95.9
40.1 135.0
40.2 -123.2
40.2 -112.1
40.2 -77.9
40.2 10.8
40.2 47.3
40.2 56.8
40.2 67.9
40.2 102.1
40.2 113.2
40.2 122.7
40.3 -127.9
40.3 25.1
40.3 52.1
40.3 117.9
40.5 8.3
40.6 -103.8
40.6 -86.2
40.6 76.2
40.6 93.8
40.7 -116.3
40.7 39.9
40.7 63.7
40.7 106.3
40.8 -109.8
40.8 -101.3
40.8 -88.7
40.8 -80.2
40.8 22.4
40.8 32.4
40.8 70.2
40.8 78.7
40.8 91.3
40.8 99.8
40.9 -98.8
40.9 -91.2
40.9 81.2
40.9 88.8
41.0 -96.3
41.0 -93.7
41.0 -13.0
41.0 83.7
41.0 86.3
41.1 -120.8
41.1 -10.4
41.1 19.8
41.1 44.8
41.1 59.2
41.1 110.8
41.1 125.2
41.2 -7.7
41.2 -2.3
41.3 -125.5
41.3 -5.0
41.3 49.7
41.3 54.5
41.3 115.5
41.3 120.3
41.4 -114.0
41.4 -107.6
41.4 -82.4
41.4 -76.0
41.4 17.2
41.4 29.7
41.4 66.0
41.4 72.4
41.4 97.6
41.4 104.0
41.5 37.2
41.7 14.7
41.9 -118.5
41.9 -105.3
41.9 -84.7
41.9 9.7
41.9 61.5
41.9 74.7
41.9 95.3
41.9 108.5
42.0 42.1
42.0 127.9
42.1 -111.7
42.1 -78.3
42.1 68.3
42.1 101.7
42.2 -123.1
42.2 -102.8
42.2 -87.2
42.2 7.1
42.2 56.9
42.2 77.2
42.2 92.8
42.2 113.1
42.2 135.5
42.3 -100.2
42.3 -89.8
42.3 47.1
42.3 79.8
42.3 90.2
42.3 122.9
42.4 -127.9
42.4 -97.6
42.4 -95.0
42.4 -92.4
42.4 52.1
42.4 82.4
42.4 85.0
42.4 87.6
42.4 117.9
42.5 -14.5
42.5 4.5
42.7 -116.1
42.7 -11.8
42.7 1.8
42.7 21.6
42.7 63.9
42.7 106.1
42.8 -109.4
42.8 -80.6
42.8 -9.1
42.8 -0.9
42.8 39.5
42.8 70.6
42.8 99.4
42.8 130.5
42.8 138.3
42.9 -6.4
42.9 -3.6
43.0 18.9
43.1 -120.7
43.1 59.3
43.1 110.7
43.2 125.5
43.3 -107.0
43.3 -83.0
43.3 16.3
43.3 73.0
43.3 97.0
43.4 -125.5
43.4 -113.7
43.4 -76.3
43.4 49.5
43.4 54.5
43.4 66.3
43.4 103.7
43.4 115.5
43.4 120.5
43.4 141.0
43.5 13.7
43.6 -104.4
43.6 -85.6
43.6 11.1
43.6 36.7
43.6 75.6
43.6 94.4
43.7 8.6
43.8 -101.8
43.8 -88.2
43.8 78.2
43.8 91.8
43.9 -99.1
43.9 -90.9
43.9 80.9
43.9 89.1
44.0 -118.2
44.0 -96.4
44.0 -93.6
44.0 -71.8
44.0 6.0
44.0 61.8
44.0 83.6
44.0 86.4
44.0 108.2
44.1 -111.3
44.1 -78.7
44.1 41.8
44.1 68.7
44.1 101.3
44.1 128.2
44.2 3.3
44.3 -123.0
44.3 -67.0
44.3 0.5
44.3 23.4
44.3 33.9
44.3 57.0
44.3 113.0
44.4 46.9
44.4 123.1
44.5 -128.0
44.5 -5.0
44.5 -2.2
44.5 52.0
44.5 118.0
44.6 -108.9
44.6 -81.1
44.6 71.1
44.6 98.9
44.7 -115.7
44.7 -74.3
44.7 20.7
44.7 64.3
44.7 105.7
44.9 17.9
44.9 31.1
44.9 39.0
44.9 131.0
45.0 -106.2
45.0 -83.8
45.0 73.8
45.0 96.2
45.1 15.3
45.2 -120.5
45.2 -103.4
45.2 -86.6
45.2 -69.5
45.2 59.5
45.2 76.6
45.2 93.4
45.2 110.5
45.3 10.0
45.3 12.6
45.3 44.2
45.3 125.8
45.4 -125.5
45.4 -113.3
45.4 -100.6
45.4 -89.4
45.4 -76.7
45.4 7.5
45.4 28.3
45.4 54.5
45.4 66.7
45.4 79.4
45.4 90.6
45.4 103.3
45.4 115.5
45.5 -97.8
45.5 -95.0
45.5 -92.2
45.5 -64.6
45.5 49.4
45.5 82.2
45.5 85.0
45.5 87.8
45.5 120.6
45.6 4.8
45.6 36.2
45.8 2.0
45.9 25.4
46.0 -118.0
46.0 -110.8
46.0 -79.2
46.0 -72.0
46.0 -6.4
46.0 -3.6
46.0 -0.8
46.0 62.0
46.0 69.2
46.0 100.8
46.0 108.0
46.2 22.6
46.2 41.4
46.2 128.6
46.3 33.3
46.3 136.7
46.4 -122.9
46.4 -108.0
46.4 -82.0
46.4 57.1
46.4 72.0
46.4 98.0
46.4 112.9
46.5 -128.0
46.5 19.7
46.5 46.7
46.5 52.0
46.5 118.0
46.5 123.3
46.7 -115.4
46.7 -105.2
46.7 -84.8
46.7 -74.6
46.7 64.6
46.7 74.8
46.7 95.2
46.7 105.4
46.8 16.9
46.9 -102.3
46.9 -87.7
46.9 14.2
46.9 30.4
46.9 77.7
46.9 92.3
47.0 -99.4
47.0 -90.6
47.0 6.3
47.0 8.9
47.0 11.5
47.0 38.6
47.0 80.6
47.0 89.4
47.0 131.4
47.1 -96.5
47.1 -93.5
47.1 83.5
47.1 86.5
47.2 -120.3
47.2 -69.7
47.2 3.5
47.2 59.7
47.2 110.3
47.3 -112.8
47.3 -77.2
47.3 67.2
47.3 102.8
47.4 0.7
47.4 27.5
47.4 43.9
47.4 126.1
47.5 -125.4
47.5 -64.6
47.5 -7.9
47.5 -2.1
47.5 54.6
47.5 115.4
47.6 -59.3
47.6 -5.0
47.6 49.3
47.6 120.7
47.7 -110.0
47.7 -80.0
47.7 35.7
47.7 70.0
47.7 100.0
47.7 134.3
47.8 24.6
48.0 -117.7
48.0 -72.3
48.0 62.3
48.0 107.7
48.1 -107.1
48.1 -82.9
48.1 21.6
48.1 72.9
48.1 97.1
48.2 41.1
48.2 128.9
48.3 32.7
48.3 137.3
48.4 -122.8
48.4 -104.2
48.4 -85.8
48.4 -67.2
48.4 18.7
48.4 57.2
48.4 75.8
48.4 94.2
48.4 112.8
48.5 46.5
48.5 123.5
48.6 -128.1
48.6 -115.0
48.6 -101.1
48.6 -88.9
48.6 -75.0
48.6 -61.9
48.6 5.1
48.6 15.9
48.6 51.9
48.6 65.0
48.6 78.9
48.6 91.1
48.6 105.0
48.6 118.1
48.7 -98.1
48.7 -95.0
48.7 -91.9
48.7 7.7
48.7 10.3
48.7 13.1
48.7 81.9
48.7 85.0
48.7 88.1
48.8 2.2
48.9 29.7
49.0 -6.5
49.0 -3.5
49.0 -0.6
49.0 38.1
49.0 131.9
49.1 -112.2
49.1 -77.8
49.1 67.8
49.1 102.2
49.2 -120.1
49.2 -69.9
49.2 59.9
49.2 110.1
49.3 26.7
49.4 43.6
49.4 126.4
49.5 -125.4
49.5 -109.2
49.5 -80.8
49.5 -64.6
49.5 54.6
49.5 70.8
49.5 99.2
49.5 115.4
49.6 -130.8
49.6 49.2
49.6 120.8
49.7 23.7
49.7 35.1
49.7 134.9
49.9 -117.4
49.9 -106.1
49.9 -83.9
49.9 -72.6
49.9 62.6
49.9 73.9
49.9 96.1
49.9 107.4
50.0 20.7
50.1 -103.0
50.1 -87.0
50.1 77.0
50.1 93.0
50.2 3.8
50.2 17.7
50.3 -99.8
50.3 -90.2
50.3 0.9
50.3 6.4
50.3 14.8
50.3 32.0
50.3 40.7
50.3 80.2
50.3 89.8
50.3 129.3
50.3 138.0
50.4 -122.6
50.4 -96.6
50.4 -93.4
50.4 -67.4
50.4 -8.0
50.4 -2.0
50.4 9.1
50.4 11.9
50.4 57.4
50.4 83.4
50.4 86.6
50.4 112.6
50.5 -114.4
50.5 -75.6
50.5 -5.0
50.5 65.6
50.5 104.4
50.6 -133.7
50.6 -128.1
50.6 -61.9
50.6 46.3
50.6 51.9
50.6 118.1
50.6 123.7
50.8 28.9
50.9 -111.4
50.9 -78.6
50.9 68.6
50.9 101.4
51.0 37.6
51.0 132.4
51.1 -119.9
51.1 -70.1
51.1 60.1
51.1 109.9
51.2 25.8
51.4 -108.2
51.4 -81.8
51.4 71.8
51.4 98.2
51.5 -125.3
51.5 -64.7
51.5 22.7
51.5 43.3
51.5 54.7
51.5 115.3
51.5 126.7
51.6 -131.0
51.6 49.0
51.6 121.0
51.7 -105.0
51.7 -85.0
51.7 -12.5
51.7 2.4
51.7 34.5
51.7 75.0
51.7 95.0
51.7 135.5
51.8 -116.9
51.8 -73.1
51.8 -15.1
51.8 -9.5
51.8 -0.5
51.8 5.1
51.8 19.6
51.8 63.1
51.8 106.9
51.9 -101.7
51.9 -88.3
51.9 -6.5
51.9 -3.5
51.9 16.6
51.9 78.3
51.9 91.7
51.9 153.4
52.0 7.9
52.0 10.7
52.0 13.6
52.1 -98.4
52.1 -95.0
52.1 -91.6
52.1 81.6
52.1 85.0
52.1 88.4
52.2 31.3
52.2 138.7
52.3 -122.5
52.3 -113.8
52.3 -76.2
52.3 -67.5
52.3 40.2
52.3 57.5
52.3 66.2
52.3 103.8
52.3 112.5
52.3 129.8
52.6 -134.0
52.6 -128.2
52.6 -61.8
52.6 46.0
52.6 51.8
52.6 118.2
52.6 124.0
52.7 28.1
52.8 -110.5
52.8 -79.5
52.8 69.5
52.8 100.5
53.0 -119.5
53.0 -70.5
53.0 37.0
53.0 60.5
53.0 109.5
53.0 133.0
53.1 -11.1
53.1 1.1
53.1 24.9
53.2 -107.2
53.2 -82.8
53.2 -8.1
53.2 -5.0
53.2 72.8
53.2 97.2
53.3 -13.8
53.3 3.8
53.3 21.7
53.4 -137.1
53.4 42.9
53.4 127.1
53.5 -125.3
53.5 -103.8
53.5 -64.7
53.5 6.5
53.5 18.5
53.5 54.7
53.5 76.2
53.5 93.8
53.5 115.3
53.5 151.5
53.6 -131.1
53.6 9.4
53.6 15.4
53.6 33.8
53.6 48.9
53.6 121.1
53.6 136.2
53.6 154.6
53.7 -116.3
53.7 -100.3
53.7 -89.7
53.7 -73.7
53.7 12.4
53.7 63.7
53.7 79.7
53.7 90.3
53.7 106.3
53.8 -96.8
53.8 -93.2
53.8 83.2
53.8 86.8
54.1 30.5
54.2 -113.0
54.2 -77.0
54.2 39.8
54.2 67.0
54.2 103.0
54.2 130.2
54.3 -122.2
54.3 -67.8
54.3 57.8
54.3 112.2
54.5 -134.2
54.5 -128.2
54.5 -9.6
54.5 -6.6
54.5 27.2
54.5 45.8
54.5 51.8
54.5 118.2
54.5 124.2
54.7 -109.6
54.7 -80.4
54.7 70.4
54.7 99.6
54.8 -12.3
54.9 23.9
54.9 36.5
54.9 133.5
55.0 -119.1
55.0 -70.9
55.0 5.1
55.0 60.9
55.0 109.1
55.1 -106.0
55.1 -84.0
55.1 20.6
55.1 74.0
55.1 96.0
55.2 8.1
55.2 17.4
55.2 152.6
55.3 -165.8
55.3 -137.4
55.3 42.6
55.3 127.4
55.3 155.8
55.4 -125.2
55.4 -102.4
55.4 -64.8
55.4 54.8
55.4 77.6
55.4 92.4
55.4 115.2
55.5 -131.3
55.5 -98.7
55.5 -91.3
55.5 33.1
55.5 48.7
55.5 81.3
55.5 88.7
55.5 121.3
55.6 -115.7
55.6 -95.0
55.6 -74.3
55.6 64.3
55.6 85.0
55.6 105.7
55.8 -8.1
55.9 29.7
56.1 -10.9
56.1 39.3
56.1 130.7
56.2 -122.0
56.2 -112.2
56.2 -77.8
56.2 -68.0
56.2 58.0
56.2 67.8
56.2 102.2
56.2 112.0
56.3 26.3
56.4 -134.5
56.4 3.7
56.4 45.5
56.4 124.5
56.5 -128.3
56.5 51.7
56.5 118.3
56.6 -108.5
56.6 -81.5
56.6 22.9
56.6 71.5
56.6 98.5
56.7 35.8
56.7 134.2
56.8 -160.5
56.8 9.7
56.8 19.5
56.9 -163.8
56.9 12.9
56.9 16.2
56.9 153.8
56.9 157.1
57.0 -118.6
57.0 -104.7
57.0 -71.4
57.0 61.4
57.0 75.3
57.0 94.7
57.0 108.6
57.1 -6.6
57.2 -137.9
57.2 -100.9
57.2 42.1
57.2 79.1
57.2 90.9
57.2 127.9
57.3 32.4
57.4 -125.1
57.4 -97.0
57.4 54.9
57.4 83.0
57.4 87.0
57.4 115.1
57.5 -131.6
57.5 -9.3
57.5 48.4
57.5 121.6
57.6 -115.0
57.6 -75.0
57.6 65.0
57.6 105.0
57.7 28.9
57.8 -12.2
57.8 2.2
57.9 -141.3
57.9 38.7
57.9 131.3
58.1 25.3
58.2 -121.7
58.2 -111.2
58.2 -78.8
58.2 -68.3
58.2 58.3
58.2 68.8
58.2 101.2
58.2 111.7
58.3 -158.2
58.3 8.3
58.3 21.8
58.4 -161.7
58.4 -135.0
58.4 11.5
58.4 18.3
58.4 45.0
58.4 125.0
58.4 158.5
58.5 -165.1
58.5 -128.4
58.5 51.6
58.5 118.4
58.5 155.1
58.6 -107.3
58.6 -82.7
58.6 35.1
58.6 72.7
58.6 97.3
58.6 134.9
58.9 -103.3
58.9 76.7
58.9 93.3
59.0 -118.0
59.0 62.0
59.0 108.0
59.1 -99.2
59.1 0.5
59.1 31.5
59.1 80.8
59.1 89.2
59.1 138.5
59.2 -138.6
59.2 41.4
59.2 85.0
59.2 128.6
59.4 -131.9
59.4 -125.0
59.4 3.5
59.4 48.1
59.4 55.0
59.4 115.0
59.4 121.9
59.5 27.9
59.5 142.1
59.6 -114.2
59.6 -75.8
59.6 65.8
59.6 104.2
59.7 -155.8
59.7 6.7
59.7 24.2
59.7 145.8
59.8 -142.2
59.8 -47.8
59.8 37.8
59.8 132.2
59.9 -169.9
59.9 -159.5
59.9 10.0
59.9 20.6
59.9 149.4
59.9 160.0
60.0 -166.6
60.0 -163.1
60.0 13.5
60.0 17.0
60.0 156.5
60.2 -121.3
60.2 -110.1
60.2 -79.9
60.2 58.7
60.2 69.9
60.2 100.1
60.2 111.3
60.3 -135.6
60.3 44.4
60.3 125.6
60.4 -146.0
60.4 34.0
60.4 136.0
60.5 -128.5
60.5 51.5
60.5 118.5
60.6 -105.9
60.6 1.0
60.6 74.1
60.6 95.9
60.9 -149.9
60.9 -101.6
60.9 30.1
60.9 78.4
60.9 91.6
60.9 139.9
61.0 -117.4
61.0 4.2
61.0 62.6
61.0 82.8
61.0 87.2
61.0 107.4
61.0 165.8
61.1 -139.4
61.1 -50.6
61.1 40.6
61.1 129.4
61.2 -153.7
61.2 26.3
61.2 143.7
61.3 7.6
61.3 162.4
61.4 -168.9
61.4 -157.6
61.4 -124.8
61.4 11.1
61.4 22.4
61.4 55.2
61.4 114.8
61.4 147.6
61.4 158.9
61.5 -165.2
61.5 -161.5
61.5 -132.3
61.5 18.5
61.5 47.7
61.5 122.3
61.5 151.5
61.5 155.2
61.7 -113.2
61.7 -76.8
61.7 66.8
61.7 103.2
61.8 -143.3
61.8 -46.7
61.8 36.7
61.8 133.3
62.2 -108.9
62.2 -81.1
62.2 1.4
62.2 71.1
62.2 98.9
62.2 168.6
62.3 -147.4
62.3 -136.2
62.3 -120.9
62.3 -53.8
62.3 32.6
62.3 43.8
62.3 59.1
62.3 110.9
62.3 126.2
62.3 137.4
62.5 -128.6
62.5 51.4
62.5 118.6
62.6 -175.2
62.6 -104.4
62.6 4.8
62.6 75.6
62.6 94.4
62.6 165.2
62.7 -151.5
62.7 28.5
62.7 141.5
62.8 -99.7
62.8 -90.3
62.8 80.3
62.8 89.7
62.9 8.5
62.9 85.0
62.9 161.5
62.9 175.0
63.0 -167.7
63.0 -155.6
63.0 -22.3
63.0 12.3
63.0 24.4
63.0 145.6
63.0 157.7
63.1 -163.8
63.1 -159.7
63.1 -140.3
63.1 -116.7
63.1 -73.3
63.1 -49.7
63.1 16.2
63.1 20.3
63.1 39.7
63.1 63.3
63.1 106.7
63.1 130.3
63.1 149.7
63.1 153.8
63.4 171.7
63.5 -132.7
63.5 -124.7
63.5 -57.3
63.5 47.3
63.5 55.3
63.5 114.7
63.5 122.7
63.7 -144.6
63.7 -112.2
63.7 -77.8
63.7 -45.4
63.7 35.4
63.7 67.8
63.7 102.2
63.7 134.6
63.9 -178.2
63.9 168.2
64.2 -148.9
64.2 -107.4
64.2 -82.6
64.2 5.6
64.2 31.1
64.2 72.6
64.2 97.4
64.2 138.9
64.2 164.4
64.3 -136.9
64.3 -53.1
64.3 43.1
64.3 126.9
64.4 -120.4
64.4 -69.6
64.4 59.6
64.4 110.4
64.5 -170.5
64.5 -153.3
64.5 -102.5
64.5 -87.5
64.5 -19.5
64.5 9.5
64.5 26.7
64.5 77.5
64.5 92.5
64.5 143.3
64.5 160.5
64.5 175.0
64.6 -128.8
64.6 51.2
64.6 118.8
64.7 -166.4
64.7 -162.1
64.7 -157.8
64.7 -97.5
64.7 -92.5
64.7 -27.9
64.7 -23.6
64.7 13.6
64.7 22.2
64.7 82.5
64.7 87.5
64.7 147.8
64.7 152.1
64.7 156.4
65.1 -141.4
65.1 -48.6
65.1 38.6
65.1 131.4
65.1 171.4
65.1 178.6
65.2 -115.8
65.2 -74.2
65.2 64.2
65.2 105.8
65.5 -177.6
65.5 167.6
65.6 -146.0
65.6 -133.2
65.6 -124.5
65.6 -56.8
65.6 -44.0
65.6 34.0
65.6 46.8
65.6 55.5
65.6 114.5
65.6 123.2
65.6 136.0
65.8 -110.9
65.8 -79.1
65.8 69.1
65.8 100.9
65.9 163.6
66.0 -150.7
66.0 -39.3
66.0 29.3
66.0 140.7
66.1 175.0
66.2 -169.3
66.2 -105.8
66.2 -20.7
66.2 10.7
66.2 74.2
66.2 95.8
66.2 159.3
66.3 -155.5
66.3 24.5
66.3 145.5
66.4 -164.8
66.4 -160.2
66.4 -137.8
66.4 -52.2
66.4 15.2
66.4 19.8
66.4 42.2
66.4 127.8
66.4 150.2
66.4 154.8
66.5 -119.9
66.5 -100.4
66.5 -89.6
66.5 -70.1
66.5 60.1
66.5 79.6
66.5 90.4
66.5 109.9
66.6 -95.0
66.6 85.0
66.7 -129.0
66.7 51.0
66.7 119.0
66.8 171.1
66.8 178.9
67.0 -142.7
67.0 -47.3
67.0 37.3
67.0 132.7
67.2 -114.8
67.2 -75.2
67.2 65.2
67.2 104.8
67.3 167.0
67.5 -147.7
67.5 -42.3
67.5 32.3
67.5 137.7
67.6 -133.8
67.6 -56.2
67.6 46.2
67.6 123.8
67.6 162.5
67.7 -124.3
67.7 55.7
67.7 114.3
67.8 -109.4
67.8 -80.6
67.8 70.6
67.8 99.4
67.9 -167.9
67.9 -152.8
67.9 -37.2
67.9 12.1
67.9 27.2
67.9 142.8
67.9 157.9
67.9 175.0
68.0 -157.9
68.0 -32.1
68.0 22.1
68.0 147.9
68.1 -163.0
68.1 17.0
68.1 153.0
68.2 -103.8
68.2 -86.2
68.2 76.2
68.2 93.8
68.4 -138.9
68.4 -97.9
68.4 -92.1
68.4 -51.1
68.4 41.1
68.4 82.1
68.4 87.9
68.4 128.9
68.5 170.8
68.6 -119.2
68.6 60.8
68.6 109.2
68.8 -129.2
68.8 119.2
69.0 -144.2
69.0 -45.8
69.0 134.2
69.0 166.2
69.3 -113.6
69.3 -76.4
69.3 66.4
69.3 103.6
69.4 161.4
69.5 -149.7
69.5 -40.3
69.5 30.3
69.5 139.7
69.7 -166.2
69.7 -155.3
69.7 -134.5
69.7 -55.5
69.7 -34.7
69.7 13.8
69.7 24.7
69.7 124.5
69.7 145.3
69.7 156.2
69.8 -160.8
69.8 -29.2
69.8 19.2
69.8 55.9
69.8 114.1
69.8 150.8
69.9 -107.7
69.9 -82.3
69.9 72.3
69.9 97.7
70.2 -101.4
70.2 -88.6
70.2 78.6
70.2 91.4
70.3 -95.0
70.3 85.0
70.5 -49.9
70.5 130.1
70.7 -118.4
70.7 61.6
70.7 108.4
70.9 -129.5
70.9 -60.5
70.9 50.5
70.9 119.5
71.0 -44.0
71.0 136.0
71.3 -37.9
71.3 142.1
71.4 -112.2
71.4 -77.8
71.4 67.8
71.4 102.2
71.4 175.0
71.5 -31.8
71.8 -54.7
71.8 125.4
71.9 -105.5
71.9 -84.5
71.9 74.5
71.9 95.5
72.0 -123.8
72.0 113.8
72.2 -98.5
72.2 -91.5
72.2 81.5
72.2 88.5
72.5 -48.4
72.9 -117.4
72.9 62.6
72.9 107.4
73.0 -129.8
73.0 -60.2
73.0 -41.8
73.0 50.2
73.0 119.8
73.0 138.2
73.2 -35.0
73.2 -28.3
73.5 -110.4
73.5 100.4
73.9 -102.8
73.9 -87.2
73.9 -53.6
73.9 77.2
73.9 92.8
74.1 -123.4
74.1 -95.0
74.1 85.0
74.5 -46.4
74.5 133.6
74.9 -39.0
74.9 -24.1
74.9 141.0
75.0 -116.1
75.0 -31.5
75.0 106.1
75.2 -59.8
75.6 -108.0
75.6 98.0
75.9 -99.4
75.9 -90.6
75.9 89.4
76.0 -52.2
76.2 -122.9
76.2 -67.1
76.2 57.1
76.5 -44.0
76.7 -35.5
76.7 -27.0
77.1 -75.6
77.3 -59.2
77.6 -105.0
77.6 -85.0
77.6 95.0
77.8 -95.0
78.0 -50.3
78.3 -67.8
78.3 11.4
78.4 -40.7
78.5 -30.9
79.1 -112.2
79.1 -77.8
79.3 -58.5
79.5 90.9
79.6 -100.9
79.6 -89.1
80.0 -47.8
80.2 -24.8
80.2 14.8
80.3 -36.3
80.4 -68.7
80.4 58.7
81.2 -81.1
81.4 -95.0
81.4 -57.3
81.7 -16.4
82.0 -44.0
82.1 -29.8
82.5 -70.1
